5+9
1+8

## neue Rechnung
5+9 + 10

5+4
x <- 5
y <- 3
x+y